Sample	total_reads	paired_total	paired_aligned_none	paired_aligned_one	paired_aligned_multi	paired_aligned_discord_one	paired_aligned_mate_none	paired_aligned_mate_one	paired_aligned_mate_multi	overall_alignment_rate	paired_aligned_mate_multi_halved	paired_aligned_mate_none_halved	paired_aligned_mate_one_halved
G5R1_MAIN_01AUG2016_LD1.fungal.stat	801996	801996	744328	15601	42067	248	1473085	2482	12593	8.16	6296.5	736542.5	1241.0
G5R1_MAIN_03OCT2016_LD1.fungal.stat	6753815	6753815	6681316	40620	31879	474	13347876	4641	9167	1.18	4583.5	6673938.0	2320.5
G5R1_MAIN_09MAY2016_LD1.fungal.stat	1572819	1572819	1572656	103	60	2	3145158	62	88	0.02	44.0	1572579.0	31.0
G5R1_MAIN_12JUL2016_LD1.fungal.stat	729303	729303	722230	2793	4280	52	1442462	376	1518	1.11	759.0	721231.0	188.0
G5R1_MAIN_12SEP2016_LD1.fungal.stat	4427118	4427118	4205164	55054	166900	466	8356579	4968	47849	5.62	23924.5	4178289.5	2484.0
G5R1_MAIN_20JUN2016_LD1.fungal.stat	1182988	1182988	1181090	1460	438	18	2361553	305	286	0.19	143.0	1180776.5	152.5
G5R1_MAIN_22AUG2016_LD1.fungal.stat	2198779	2198779	2070283	16057	112439	422	4102348	2043	35331	6.71	17665.5	2051174.0	1021.5
G5R1_MAIN_31MAY2016_LD1.fungal.stat	491692	491692	491370	278	44	8	982595	88	41	0.08	20.5	491297.5	44.0
G5R1_NF_01AUG2016_LD1.fungal.stat	867273	867273	816292	17815	33166	365	1619331	2494	10029	6.64	5014.5	809665.5	1247.0
G5R1_NF_03OCT2016_LD1.fungal.stat	5549603	5549603	5477109	31523	40971	260	10937596	3872	12230	1.46	6115.0	5468798.0	1936.0
G5R1_NF_09MAY2016_LD1.fungal.stat	3333688	3333688	3333357	92	239	9	6666402	105	189	0.01	94.5	3333201.0	52.5
G5R1_NF_12JUL2016_LD1.fungal.stat	533940	533940	520003	1853	12084	29	1035989	360	3599	2.99	1799.5	517994.5	180.0
G5R1_NF_12SEP2016_LD1.fungal.stat	3239021	3239021	3063991	20369	154661	172	6083119	2826	41693	6.1	20846.5	3041559.5	1413.0
G5R1_NF_20JUN2016_LD1.fungal.stat	555339	555339	552496	2322	521	40	1104062	474	376	0.6	188.0	552031.0	237.0
G5R1_NF_22AUG2016_LD1.fungal.stat	1231773	1231773	1164480	10373	56920	160	2310048	1580	17012	6.23	8506.0	1155024.0	790.0
G5R1_NF_31MAY2016_LD1.fungal.stat	602740	602740	601900	723	117	5	1203604	100	86	0.16	43.0	601802.0	50.0
G5R2_MAIN_01AUG2016_LD1.fungal.stat	2246390	2246390	2065863	41179	139348	714	4082579	4907	42812	9.13	21406.0	2041289.5	2453.5
G5R2_MAIN_03OCT2016_LD1.fungal.stat	6674586	6674586	6598801	44875	30910	720	13179644	5306	11212	1.27	5606.0	6589822.0	2653.0
G5R2_MAIN_09MAY2016_LD1.fungal.stat	3101528	3101528	3101387	103	38	3	6202595	126	47	0.01	23.5	3101297.5	63.0
G5R2_MAIN_12JUL2016_LD1.fungal.stat	471083	471083	465216	2146	3721	46	928643	423	1274	1.44	637.0	464321.5	211.5
G5R2_MAIN_12SEP2016_LD1.fungal.stat	2921444	2921444	2772940	29055	119449	268	5509512	3124	32708	5.71	16354.0	2754756.0	1562.0
G5R2_MAIN_20JUN2016_LD1.fungal.stat	485888	485888	483323	1282	1283	11	965921	221	482	0.6	241.0	482960.5	110.5
G5R2_MAIN_22AUG2016_LD1.fungal.stat	3722850	3722850	3435088	44612	243150	723	6791912	4640	72178	8.78	36089.0	3395956.0	2320.0
G5R2_MAIN_31MAY2016_LD1.fungal.stat	880263	880263	879739	444	80	3	1759288	55	129	0.07	64.5	879644.0	27.5
G5R2_NF_01AUG2016_LD1.fungal.stat	1779384	1779384	1655523	32655	91206	508	3278448	4921	26661	7.88	13330.5	1639224.0	2460.5
G5R2_NF_03OCT2016_LD1.fungal.stat	6161782	6161782	6093684	25797	42301	194	12170318	3912	12750	1.24	6375.0	6085159.0	1956.0
G5R2_NF_09MAY2016_LD1.fungal.stat	2401544	2401544	2401279	216	49	19	4802321	103	96	0.02	48.0	2401160.5	51.5
G5R2_NF_12JUL2016_LD1.fungal.stat	517521	517521	513853	2483	1185	38	1026750	431	449	0.8	224.5	513375.0	215.5
G5R2_NF_12SEP2016_LD1.fungal.stat	3515989	3515989	3416982	32940	66067	278	6811227	3187	18994	3.14	9497.0	3405613.5	1593.5
G5R2_NF_20JUN2016_LD1.fungal.stat	496681	496681	493727	2352	602	47	986606	427	327	0.68	163.5	493303.0	213.5
G5R2_NF_22AUG2016_LD1.fungal.stat	810896	810896	768958	5136	36802	50	1526815	885	10116	5.86	5058.0	763407.5	442.5
G5R2_NF_31MAY2016_LD1.fungal.stat	675395	675395	675033	314	48	8	1349912	90	48	0.06	24.0	674956.0	45.0
G5R3_MAIN_01AUG2016_LD1.fungal.stat	861641	861641	819996	11911	29734	278	1628384	1545	9507	5.51	4753.5	814192.0	772.5
G5R3_MAIN_03OCT2016_LD1.fungal.stat	6493828	6493828	6440283	32565	20980	462	12868413	3828	7401	0.92	3700.5	6434206.5	1914.0
G5R3_MAIN_09MAY2016_LD1.fungal.stat	625791	625791	625614	90	87	2	1251037	58	129	0.04	64.5	625518.5	29.0
G5R3_MAIN_12JUL2016_LD1.fungal.stat	466844	466844	462448	1532	2864	24	923711	246	891	1.07	445.5	461855.5	123.0
G5R3_MAIN_12SEP2016_LD1.fungal.stat	3352854	3352854	3208755	21450	122649	176	6383588	2789	30781	4.8	15390.5	3191794.0	1394.5
G5R3_MAIN_20JUN2016_LD1.fungal.stat	457174	457174	456319	710	145	14	912359	144	107	0.22	53.5	456179.5	72.0
G5R3_MAIN_22AUG2016_LD1.fungal.stat	2382356	2382356	2251999	19553	110804	225	4468960	2530	32058	6.21	16029.0	2234480.0	1265.0
G5R3_MAIN_31MAY2016_LD1.fungal.stat	471672	471672	471486	151	35	12	942860	60	28	0.05	14.0	471430.0	30.0
G5R3_NF_01AUG2016_LD1.fungal.stat	799820	799820	777766	13516	8538	357	1550689	1265	2864	3.06	1432.0	775344.5	632.5
G5R3_NF_03OCT2016_LD1.fungal.stat	3908188	3908188	3863172	15745	29271	111	7715161	2243	8718	1.29	4359.0	3857580.5	1121.5
G5R3_NF_09MAY2016_LD1.fungal.stat	949229	949229	949101	81	47	1	1898059	68	73	0.02	36.5	949029.5	34.0
G5R3_NF_12JUL2016_LD1.fungal.stat	492876	492876	489663	2111	1102	35	978419	383	454	0.74	227.0	489209.5	191.5
G5R3_NF_12SEP2016_LD1.fungal.stat	4046486	4046486	3955626	24164	66696	196	7888017	2920	19923	2.53	9961.5	3944008.5	1460.0
G5R3_NF_20JUN2016_LD1.fungal.stat	913021	913021	911609	1190	222	24	1822802	222	146	0.18	73.0	911401.0	111.0
G5R3_NF_22AUG2016_LD1.fungal.stat	2128589	2128589	1965095	14713	148781	277	3880847	3199	45590	8.84	22795.0	1940423.5	1599.5
G5R3_NF_31MAY2016_LD1.fungal.stat	474910	474910	474311	419	180	8	948392	110	104	0.15	52.0	474196.0	55.0
G5R4_MAIN_01AUG2016_LD1.fungal.stat	964611	964611	903132	14266	47213	454	1786562	2170	16624	7.39	8312.0	893281.0	1085.0
G5R4_MAIN_03OCT2016_LD1.fungal.stat	8512942	8512942	8439108	47204	26630	671	16862363	4833	9678	0.96	4839.0	8431181.5	2416.5
G5R4_MAIN_09MAY2016_LD1.fungal.stat	570150	570150	569987	109	54	5	1139733	146	85	0.05	42.5	569866.5	73.0
G5R4_MAIN_12JUL2016_LD1.fungal.stat	683519	683519	658170	13279	12070	147	1311104	1441	3501	4.09	1750.5	655552.0	720.5
G5R4_MAIN_12SEP2016_LD1.fungal.stat	4780848	4780848	4645920	49531	85397	477	9261271	4365	25250	3.14	12625.0	4630635.5	2182.5
G5R4_MAIN_20JUN2016_LD1.fungal.stat	686202	686202	681514	3164	1524	32	1361332	876	756	0.81	378.0	680666.0	438.0
G5R4_MAIN_22AUG2016_LD1.fungal.stat	2060624	2060624	1889388	27668	143568	363	3734060	3307	40683	9.39	20341.5	1867030.0	1653.5
G5R4_MAIN_31MAY2016_LD1.fungal.stat	476217	476217	475865	311	41	7	951579	98	39	0.09	19.5	475789.5	49.0
G5R4_NF_01AUG2016_LD1.fungal.stat	1508426	1508426	1416913	24030	67483	521	2806189	3950	22645	6.98	11322.5	1403094.5	1975.0
G5R4_NF_03OCT2016_LD1.fungal.stat	6952788	6952788	6872713	54861	25214	336	13731524	4860	8370	1.25	4185.0	6865762.0	2430.0
G5R4_NF_09MAY2016_LD1.fungal.stat	938568	938568	938433	85	50	7	1876646	117	89	0.03	44.5	938323.0	58.5
G5R4_NF_12JUL2016_LD1.fungal.stat	705303	705303	697065	4203	4035	86	1391549	948	1461	1.35	730.5	695774.5	474.0
G5R4_NF_12SEP2016_LD1.fungal.stat	3399261	3399261	3241283	35906	122072	365	6440924	4124	36788	5.26	18394.0	3220462.0	2062.0
G5R4_NF_20JUN2016_LD1.fungal.stat	539330	539330	537452	1526	352	22	1074268	364	228	0.41	114.0	537134.0	182.0
G5R4_NF_22AUG2016_LD1.fungal.stat	2154145	2154145	2011208	22233	120704	347	3981276	3954	36492	7.59	18246.0	1990638.0	1977.0
G5R4_NF_31MAY2016_LD1.fungal.stat	457287	457287	456773	433	81	7	913321	142	69	0.14	34.5	456660.5	71.0
G6R1_MAIN_01AUG2016_LD1.fungal.stat	637988	637988	628894	8239	855	171	1255723	1313	410	1.59	205.0	627861.5	656.5
G6R1_MAIN_03OCT2016_LD1.fungal.stat	1135722	1135722	1132226	3171	325	32	2263849	372	167	0.33	83.5	1131924.5	186.0
G6R1_MAIN_07NOV2016_LD1.fungal.stat	5529692	5529692	5490537	35122	4033	300	10972956	5324	2194	0.78	1097.0	5486478.0	2662.0
G6R1_MAIN_09MAY2016_LD1.fungal.stat	559551	559551	559526	14	11	1	1119024	6	20	0.01	10.0	559512.0	3.0
G6R1_MAIN_12JUL2016_LD1.fungal.stat	565345	565345	562942	2126	277	72	1125186	343	211	0.49	105.5	562593.0	171.5
G6R1_MAIN_12SEP2016_LD1.fungal.stat	1452969	1452969	1446314	5638	1017	38	2890959	1088	505	0.52	252.5	1445479.5	544.0
G6R1_MAIN_20JUN2016_LD1.fungal.stat	483435	483435	482849	513	73	15	965575	51	42	0.13	21.0	482787.5	25.5
G6R1_MAIN_22AUG2016_LD1.fungal.stat	784005	784005	776856	6116	1033	101	1552120	908	482	1.01	241.0	776060.0	454.0
G6R1_MAIN_31MAY2016_LD1.fungal.stat	447701	447701	447529	144	28	4	894994	26	30	0.05	15.0	447497.0	13.0
G6R1_NF_01AUG2016_LD1.fungal.stat	582731	582731	577884	4322	525	94	1154661	675	244	0.93	122.0	577330.5	337.5
G6R1_NF_03OCT2016_LD1.fungal.stat	1744662	1744662	1730864	12732	1066	116	3459848	1177	471	0.84	235.5	1729924.0	588.5
G6R1_NF_07NOV2016_LD1.fungal.stat	5035790	5035790	4986268	45325	4197	227	9964740	5167	2175	1.06	1087.5	4982370.0	2583.5
G6R1_NF_09MAY2016_LD1.fungal.stat	571127	571127	571091	11	25	0	1142149	7	26	0.01	13.0	571074.5	3.5
G6R1_NF_12JUL2016_LD1.fungal.stat	562249	562249	559711	2281	257	36	1118990	238	122	0.49	61.0	559495.0	119.0
G6R1_NF_12SEP2016_LD1.fungal.stat	2088160	2088160	2074512	11965	1683	74	4146666	1332	878	0.71	439.0	2073333.0	666.0
G6R1_NF_20JUN2016_LD1.fungal.stat	618296	618296	617148	1025	123	16	1233960	218	86	0.21	43.0	616980.0	109.0
G6R1_NF_22AUG2016_LD1.fungal.stat	1192583	1192583	1184793	5977	1813	45	2368066	789	641	0.72	320.5	1184033.0	394.5
G6R1_NF_31MAY2016_LD1.fungal.stat	546014	546014	545393	576	45	9	1090649	71	48	0.13	24.0	545324.5	35.5
G6R2_MAIN_01AUG2016_LD1.fungal.stat	731758	731758	724033	7058	667	161	1446653	681	410	1.15	205.0	723326.5	340.5
G6R2_MAIN_03OCT2016_LD1.fungal.stat	2259825	2259825	2248675	10046	1104	124	4495276	1246	580	0.54	290.0	2247638.0	623.0
G6R2_MAIN_07NOV2016_LD1.fungal.stat	3792179	3792179	3764969	24950	2260	182	7525796	2643	1135	0.77	567.5	3762898.0	1321.5
G6R2_MAIN_09MAY2016_LD1.fungal.stat	549995	549995	549915	55	25	0	1099759	29	42	0.02	21.0	549879.5	14.5
G6R2_MAIN_12JUL2016_LD1.fungal.stat	1021092	1021092	1019082	1784	226	33	2037658	283	157	0.22	78.5	1018829.0	141.5
G6R2_MAIN_12SEP2016_LD1.fungal.stat	1549004	1549004	1535758	12127	1119	111	3069622	1153	519	0.92	259.5	1534811.0	576.5
G6R2_MAIN_20JUN2016_LD1.fungal.stat	1183506	1183506	1180512	2704	290	42	2360404	315	221	0.28	110.5	1180202.0	157.5
G6R2_MAIN_22AUG2016_LD1.fungal.stat	1679614	1679614	1663903	14079	1632	201	3324390	2141	873	1.04	436.5	1662195.0	1070.5
G6R2_MAIN_31MAY2016_LD1.fungal.stat	603544	603544	603147	377	20	7	1206207	37	36	0.07	18.0	603103.5	18.5
G6R2_NF_01AUG2016_LD1.fungal.stat	704787	704787	701501	2987	299	60	1402313	386	183	0.52	91.5	701156.5	193.0
G6R2_NF_03OCT2016_LD1.fungal.stat	1784764	1784764	1770611	13124	1029	121	3539340	1138	502	0.85	251.0	1769670.0	569.0
G6R2_NF_07NOV2016_LD1.fungal.stat	5120225	5120225	5071322	45539	3364	234	10135800	4468	1908	1.02	954.0	5067900.0	2234.0
G6R2_NF_09MAY2016_LD1.fungal.stat	1076004	1076004	1075859	88	57	1	2151551	70	95	0.02	47.5	1075775.5	35.0
G6R2_NF_12JUL2016_LD1.fungal.stat	1496752	1496752	1492698	3689	365	65	2984479	507	280	0.3	140.0	1492239.5	253.5
G6R2_NF_12SEP2016_LD1.fungal.stat	1432600	1432600	1417972	13469	1159	118	2833875	1259	574	1.09	287.0	1416937.5	629.5
G6R2_NF_20JUN2016_LD1.fungal.stat	596028	596028	593795	2102	131	46	1187170	253	75	0.41	37.5	593585.0	126.5
G6R2_NF_22AUG2016_LD1.fungal.stat	1342020	1342020	1333087	7734	1199	33	2664712	896	500	0.72	250.0	1332356.0	448.0
G6R2_NF_31MAY2016_LD1.fungal.stat	628752	628752	628596	124	32	1	1257084	54	52	0.03	26.0	628542.0	27.0
G6R3_MAIN_01AUG2016_LD1.fungal.stat	513918	513918	510750	2838	330	61	1020903	367	108	0.67	54.0	510451.5	183.5
G6R3_MAIN_03OCT2016_LD1.fungal.stat	1280718	1280718	1269114	10699	905	83	2536517	1062	483	0.97	241.5	1268258.5	531.0
G6R3_MAIN_07NOV2016_LD1.fungal.stat	3553007	3553007	3521830	28652	2525	210	7039444	2731	1065	0.94	532.5	3519722.0	1365.5
G6R3_MAIN_09MAY2016_LD1.fungal.stat	564943	564943	564902	16	25	0	1129760	10	34	0.01	17.0	564880.0	5.0
G6R3_MAIN_12JUL2016_LD1.fungal.stat	477954	477954	475736	2017	201	47	951044	210	124	0.51	62.0	475522.0	105.0
G6R3_MAIN_12SEP2016_LD1.fungal.stat	1574024	1574024	1556024	16429	1571	103	3109248	1861	733	1.23	366.5	1554624.0	930.5
G6R3_MAIN_20JUN2016_LD1.fungal.stat	593841	593841	593090	675	76	14	1185984	98	70	0.14	35.0	592992.0	49.0
G6R3_MAIN_22AUG2016_LD1.fungal.stat	717065	717065	713258	3324	483	33	1425660	541	249	0.59	124.5	712830.0	270.5
G6R3_MAIN_31MAY2016_LD1.fungal.stat	590114	590114	589638	413	63	7	1179114	66	82	0.09	41.0	589557.0	33.0
G6R3_NF_01AUG2016_LD1.fungal.stat	946582	946582	939992	5953	637	117	1878618	791	341	0.77	170.5	939309.0	395.5
G6R3_NF_03OCT2016_LD1.fungal.stat	1125847	1125847	1117885	7295	667	43	2234608	756	320	0.76	160.0	1117304.0	378.0
G6R3_NF_07NOV2016_LD1.fungal.stat	11567798	11567798	11441663	116839	9296	4057	22857690	11403	6119	1.2	3059.5	11428845.0	5701.5
G6R3_NF_09MAY2016_LD1.fungal.stat	523790	523790	523748	24	18	0	1047455	23	18	0.01	9.0	523727.5	11.5
G6R3_NF_12JUL2016_LD1.fungal.stat	537752	537752	533851	3563	338	69	1066882	462	220	0.8	110.0	533441.0	231.0
G6R3_NF_12SEP2016_LD1.fungal.stat	1159384	1159384	1149559	8995	830	76	2297482	1017	467	0.92	233.5	1148741.0	508.5
G6R3_NF_20JUN2016_LD1.fungal.stat	648691	648691	646900	1576	215	18	1293361	284	119	0.31	59.5	646680.5	142.0
G6R3_NF_22AUG2016_LD1.fungal.stat	1423083	1423083	1412177	9395	1511	63	2822416	1205	607	0.83	303.5	1411208.0	602.5
G6R3_NF_31MAY2016_LD1.fungal.stat	503106	503106	502765	291	50	3	1005425	62	37	0.08	18.5	502712.5	31.0
G6R4_MAIN_01AUG2016_LD1.fungal.stat	815850	815850	809785	5416	649	102	1618212	663	491	0.83	245.5	809106.0	331.5
G6R4_MAIN_03OCT2016_LD1.fungal.stat	2394123	2394123	2384614	8421	1088	98	4766954	1463	615	0.44	307.5	2383477.0	731.5
G6R4_MAIN_07NOV2016_LD1.fungal.stat	5458808	5458808	5429562	25639	3607	264	10851648	4986	1962	0.6	981.0	5425824.0	2493.0
G6R4_MAIN_09MAY2016_LD1.fungal.stat	986210	986210	986108	55	47	3	1971279	84	847	0.06	423.5	985639.5	42.0
G6R4_MAIN_12JUL2016_LD1.fungal.stat	592896	592896	588814	3750	332	64	1176741	547	212	0.76	106.0	588370.5	273.5
G6R4_MAIN_12SEP2016_LD1.fungal.stat	2451639	2451638	2436428	13077	2133	153	4868798	2598	1154	0.7	577.0	2434399.0	1299.0
G6R4_MAIN_20JUN2016_LD1.fungal.stat	853509	853509	852032	1214	263	21	1703555	259	208	0.2	104.0	851777.5	129.5
G6R4_MAIN_22AUG2016_LD1.fungal.stat	2003522	2003522	1989794	11804	1924	180	3975812	2400	1016	0.78	508.0	1987906.0	1200.0
G6R4_MAIN_31MAY2016_LD1.fungal.stat	676683	676683	676223	368	92	2	1352222	132	88	0.08	44.0	676111.0	66.0
G6R4_NF_01AUG2016_LD1.fungal.stat	1725767	1725767	1706649	17164	1954	256	3408937	2885	964	1.23	482.0	1704468.5	1442.5
G6R4_NF_03OCT2016_LD1.fungal.stat	2538809	2538809	2517068	19899	1842	125	5031135	1922	829	0.92	414.5	2515567.5	961.0
G6R4_NF_07NOV2016_LD1.fungal.stat	5192680	5192680	5141548	47341	3791	352	10275477	4730	2185	1.06	1092.5	5137738.5	2365.0
G6R4_NF_09MAY2016_LD1.fungal.stat	480764	480764	480708	38	18	2	961351	25	36	0.02	18.0	480675.5	12.5
G6R4_NF_12JUL2016_LD1.fungal.stat	1296660	1296660	1287225	8568	867	132	2572634	1025	527	0.8	263.5	1286317.0	512.5
G6R4_NF_12SEP2016_LD1.fungal.stat	1569105	1569105	1555539	12326	1240	81	3108948	1371	597	0.93	298.5	1554474.0	685.5
G6R4_NF_20JUN2016_LD1.fungal.stat	1449726	1449726	1447279	2023	424	15	2893899	372	257	0.19	128.5	1446949.5	186.0
G6R4_NF_22AUG2016_LD1.fungal.stat	1475815	1475815	1466360	8236	1219	57	2930760	1209	637	0.71	318.5	1465380.0	604.5
G6R4_NF_31MAY2016_LD1.fungal.stat	700402	700402	699980	342	80	1	1399713	183	62	0.08	31.0	699856.5	91.5
