Sample	PE mapped uniquely	PE mapped discordantly uniquely	PE one mate mapped uniquely	PE multimapped	PE one mate multimapped	PE neither mate aligned
G5R1_MAIN_01AUG2016_LD1.stat	1445666.0	33663.0	128326.5	3022251.0	251738.0	1042424.5
G5R1_MAIN_03OCT2016_LD1.stat	457799.0	9540.0	36646.0	1113044.0	76686.0	6834431.0
G5R1_MAIN_09MAY2016_LD1.stat	1508784.0	36624.0	134420.0	3097954.0	239061.5	1812039.5
G5R1_MAIN_12JUL2016_LD1.stat	2594162.0	68503.0	247788.5	5426189.0	513474.5	1192234.0
G5R1_MAIN_12SEP2016_LD1.stat	1002139.0	18921.0	84124.0	2111966.0	150968.5	4589745.5
G5R1_MAIN_20JUN2016_LD1.stat	1516009.0	32828.0	130942.0	3089761.0	243620.5	1428252.5
G5R1_MAIN_22AUG2016_LD1.stat	1988998.0	55610.0	190889.5	4478403.0	412187.0	2569165.5
G5R1_MAIN_31MAY2016_LD1.stat	1732109.0	51596.0	160071.5	3275505.0	323395.5	768213.0
G5R1_NF_01AUG2016_LD1.stat	1560091.0	37745.0	140499.0	3188715.0	273626.5	1128735.5
G5R1_NF_03OCT2016_LD1.stat	793735.0	14315.0	66274.0	1787154.0	125319.5	5685199.5
G5R1_NF_09MAY2016_LD1.stat	606842.0	18914.0	60506.5	1230643.0	117241.0	3439648.5
G5R1_NF_12JUL2016_LD1.stat	1752400.0	39997.0	155406.5	3615508.0	299782.5	825085.0
G5R1_NF_12SEP2016_LD1.stat	1668747.0	29203.0	136233.5	3544073.0	242791.0	3507023.5
G5R1_NF_20JUN2016_LD1.stat	1624646.0	40969.0	145680.0	3209495.0	277326.5	818383.5
G5R1_NF_22AUG2016_LD1.stat	1343729.0	29998.0	120436.0	2899368.0	232965.0	1462465.0
G5R1_NF_31MAY2016_LD1.stat	2093678.0	57544.0	193554.0	4100694.0	375534.0	955719.0
G5R2_MAIN_01AUG2016_LD1.stat	3061870.0	76051.0	272689.0	6065227.0	524347.5	2746018.5
G5R2_MAIN_03OCT2016_LD1.stat	614411.0	13859.0	55626.0	1297841.0	109067.0	6782361.0
G5R2_MAIN_09MAY2016_LD1.stat	712198.0	21090.0	74049.0	1496728.0	140820.5	3237486.5
G5R2_MAIN_12JUL2016_LD1.stat	1818576.0	50139.0	164828.5	3624468.0	329804.5	765259.0
G5R2_MAIN_12SEP2016_LD1.stat	1837668.0	32807.0	153556.0	3957606.0	278791.0	3225836.0
G5R2_MAIN_20JUN2016_LD1.stat	1707988.0	38339.0	146999.0	3422064.0	273914.5	758622.5
G5R2_MAIN_22AUG2016_LD1.stat	2689701.0	60203.0	240530.5	6090137.0	491430.0	4198798.5
G5R2_MAIN_31MAY2016_LD1.stat	3310640.0	81232.0	288735.5	6338990.0	533619.0	1396788.5
G5R2_NF_01AUG2016_LD1.stat	4096870.0	92069.0	352430.5	8163092.0	651943.0	2430902.5
G5R2_NF_03OCT2016_LD1.stat	745044.0	13475.0	63343.5	1668251.0	118060.5	6291524.0
G5R2_NF_09MAY2016_LD1.stat	1220338.0	41653.0	121029.5	2459718.0	250575.0	2607174.5
G5R2_NF_12JUL2016_LD1.stat	1729640.0	38331.0	150116.5	3659892.0	291077.0	802755.5
G5R2_NF_12SEP2016_LD1.stat	1536678.0	27991.0	126496.5	3245702.0	226366.5	3762460.0
G5R2_NF_20JUN2016_LD1.stat	1659379.0	44367.0	147669.5	3340632.0	295247.5	762639.0
G5R2_NF_22AUG2016_LD1.stat	1116687.0	20399.0	92193.0	2336550.0	163998.0	988447.0
G5R2_NF_31MAY2016_LD1.stat	2511340.0	75510.0	242770.5	4923538.0	496585.0	1108555.5
G5R3_MAIN_01AUG2016_LD1.stat	1509213.0	40591.0	138830.0	2989148.0	270962.5	1111357.5
G5R3_MAIN_03OCT2016_LD1.stat	392616.0	8343.0	35184.5	838998.0	68042.0	6563182.5
G5R3_MAIN_09MAY2016_LD1.stat	1354590.0	43951.0	131327.0	2800482.0	259915.0	846242.0
G5R3_MAIN_12JUL2016_LD1.stat	1588331.0	34419.0	139562.0	3420376.0	267885.0	732350.0
G5R3_MAIN_12SEP2016_LD1.stat	1285111.0	19948.0	98045.0	2814450.0	170893.0	3550154.0
G5R3_MAIN_20JUN2016_LD1.stat	1760037.0	42577.0	156889.0	3449614.0	291722.5	741859.5
G5R3_MAIN_22AUG2016_LD1.stat	799876.0	15853.0	69609.5	1719700.0	130908.0	2519460.5
G5R3_MAIN_31MAY2016_LD1.stat	1838851.0	63227.0	176591.5	3363140.0	371159.0	769380.5
G5R3_NF_01AUG2016_LD1.stat	1499344.0	41977.0	139608.5	2900216.0	275668.0	1048696.5
G5R3_NF_03OCT2016_LD1.stat	1504000.0	25368.0	126239.5	3393378.0	229538.0	4163165.5
G5R3_NF_09MAY2016_LD1.stat	1486118.0	42979.0	140870.5	3062310.0	269566.5	1194174.0
G5R3_NF_12JUL2016_LD1.stat	1676984.0	39320.0	150843.0	3489175.0	294477.0	775550.0
G5R3_NF_12SEP2016_LD1.stat	1130881.0	20146.0	96537.0	2490690.0	178100.5	4240089.5
G5R3_NF_20JUN2016_LD1.stat	1572404.0	39921.0	144601.0	3110317.0	274174.0	1176179.0
G5R3_NF_22AUG2016_LD1.stat	1072643.0	25018.0	95683.0	2228655.0	188025.5	2310178.5
G5R3_NF_31MAY2016_LD1.stat	1583945.0	38636.0	138513.5	3028852.0	247031.5	718762.0
G5R4_MAIN_01AUG2016_LD1.stat	1571056.0	51862.0	147590.0	3007689.0	310721.0	1217797.0
G5R4_MAIN_03OCT2016_LD1.stat	852411.0	19326.0	75476.5	1798149.0	146052.0	8658916.5
G5R4_MAIN_09MAY2016_LD1.stat	1334979.0	38844.0	125443.5	2792120.0	244219.5	789273.0
G5R4_MAIN_12JUL2016_LD1.stat	1802097.0	37731.0	154295.0	3725561.0	286360.5	970113.5
G5R4_MAIN_12SEP2016_LD1.stat	813128.0	15763.0	68407.5	1662668.0	123228.0	4912596.5
G5R4_MAIN_20JUN2016_LD1.stat	2027265.0	49360.0	181081.0	4114125.0	343964.5	1016731.5
G5R4_MAIN_22AUG2016_LD1.stat	1098392.0	22756.0	92413.0	2276541.0	171028.5	2237340.5
G5R4_MAIN_31MAY2016_LD1.stat	1877796.0	57276.0	173559.5	3481207.0	331500.5	770221.0
G5R4_NF_01AUG2016_LD1.stat	3331311.0	88651.0	305624.0	6747735.0	609819.5	2068798.5
G5R4_NF_03OCT2016_LD1.stat	251541.0	4433.0	21336.5	527433.0	37997.0	6995745.5
G5R4_NF_09MAY2016_LD1.stat	1353164.0	47393.0	133547.5	2763722.0	277314.0	1162334.5
G5R4_NF_12JUL2016_LD1.stat	1617602.0	38351.0	148061.5	3380300.0	292167.5	983859.0
G5R4_NF_12SEP2016_LD1.stat	1193753.0	24415.0	102804.5	2442559.0	188504.5	3595684.0
G5R4_NF_20JUN2016_LD1.stat	1903309.0	45806.0	164785.5	3684843.0	302037.0	836135.5
G5R4_NF_22AUG2016_LD1.stat	2764052.0	62974.0	242208.5	5818138.0	472517.5	2612137.0
G5R4_NF_31MAY2016_LD1.stat	1686016.0	41825.0	147475.5	3086286.0	256714.0	713460.5
G6R1_MAIN_01AUG2016_LD1.stat	1089881.0	40773.0	167662.0	3025845.0	371252.5	961964.5
G6R1_MAIN_03OCT2016_LD1.stat	1741418.0	51850.0	249767.5	5285870.0	508468.0	1651511.5
G6R1_MAIN_07NOV2016_LD1.stat	295521.0	8667.0	43528.0	854286.0	84590.0	5619202.0
G6R1_MAIN_09MAY2016_LD1.stat	1354123.0	46666.0	200868.5	3749235.0	415563.5	947283.0
G6R1_MAIN_12JUL2016_LD1.stat	1024644.0	39090.0	162540.0	2901249.0	370403.5	880801.5
G6R1_MAIN_12SEP2016_LD1.stat	1449713.0	42646.0	206096.0	4182653.0	406997.5	1869153.5
G6R1_MAIN_20JUN2016_LD1.stat	1214203.0	43976.0	182093.0	3348883.0	388807.0	832443.0
G6R1_MAIN_22AUG2016_LD1.stat	1037713.0	34904.0	158817.5	2924738.0	330896.0	1099423.5
G6R1_MAIN_31MAY2016_LD1.stat	1086561.0	36898.0	156834.0	2998326.0	311146.0	746696.0
G6R1_NF_01AUG2016_LD1.stat	1151939.0	43758.0	178428.5	3229726.0	395883.0	929177.5
G6R1_NF_03OCT2016_LD1.stat	1376814.0	39149.0	188958.5	4525168.0	368158.5	2138940.0
G6R1_NF_07NOV2016_LD1.stat	385084.0	10203.0	53760.0	1161468.0	100184.0	5148064.0
G6R1_NF_09MAY2016_LD1.stat	1513495.0	51193.0	224429.0	4260226.0	467529.5	1010624.5
G6R1_NF_12JUL2016_LD1.stat	1304982.0	44772.0	195717.5	3685921.0	412605.0	946821.5
G6R1_NF_12SEP2016_LD1.stat	1472302.0	37137.0	195516.5	4467213.0	357407.5	2487142.0
G6R1_NF_20JUN2016_LD1.stat	1420818.0	48552.0	212055.5	3972782.0	448866.0	1033855.5
G6R1_NF_22AUG2016_LD1.stat	1676297.0	47243.0	233242.5	4912422.0	446013.0	1662471.5
G6R1_NF_31MAY2016_LD1.stat	1279759.0	41648.0	183765.0	3523020.0	361912.5	902437.5
G6R2_MAIN_01AUG2016_LD1.stat	1157020.0	43956.0	178566.5	3227014.0	399796.0	1076396.5
G6R2_MAIN_03OCT2016_LD1.stat	1444667.0	41205.0	207798.5	4417544.0	414970.5	2693692.0
G6R2_MAIN_07NOV2016_LD1.stat	1050358.0	29474.0	150284.5	3111196.0	290646.0	4101141.5
G6R2_MAIN_09MAY2016_LD1.stat	1345122.0	47626.0	198795.5	3745409.0	423046.5	932594.0
G6R2_MAIN_12JUL2016_LD1.stat	2347362.0	78032.0	351367.0	6727146.0	747202.0	1719002.0
G6R2_MAIN_12SEP2016_LD1.stat	1702438.0	50650.0	245236.5	4997480.0	485785.0	2044863.5
G6R2_MAIN_20JUN2016_LD1.stat	2670435.0	92422.0	392622.5	7412789.0	816057.5	1940891.0
G6R2_MAIN_22AUG2016_LD1.stat	1989952.0	66641.0	294106.5	5689155.0	627474.0	2266615.5
G6R2_MAIN_31MAY2016_LD1.stat	1371904.0	42263.0	182257.5	3852398.0	333066.0	948088.5
G6R2_NF_01AUG2016_LD1.stat	1240813.0	44493.0	186244.0	3476063.0	404259.5	1067793.5
G6R2_NF_03OCT2016_LD1.stat	1498645.0	44312.0	208950.5	4799023.0	405646.5	2215903.0
G6R2_NF_07NOV2016_LD1.stat	483954.0	13488.0	70054.0	1407229.0	131069.0	5264311.0
G6R2_NF_09MAY2016_LD1.stat	2673265.0	94385.0	395489.5	7475854.0	844059.0	1833030.5
G6R2_NF_12JUL2016_LD1.stat	3497591.0	118777.0	518273.0	10088573.0	1120791.5	2522540.5
G6R2_NF_12SEP2016_LD1.stat	1816188.0	52384.0	259178.5	5279957.0	508631.5	1954317.0
G6R2_NF_20JUN2016_LD1.stat	1334793.0	45159.0	193135.5	3740575.0	399269.5	970024.0
G6R2_NF_22AUG2016_LD1.stat	1801206.0	47381.0	246664.0	5303799.0	459561.0	1842058.0
G6R2_NF_31MAY2016_LD1.stat	1573889.0	54639.0	227126.0	4381120.0	470658.0	1063632.0
G6R3_MAIN_01AUG2016_LD1.stat	1064358.0	39434.0	164070.5	2973761.0	365896.0	833447.5
G6R3_MAIN_03OCT2016_LD1.stat	1318886.0	38885.0	196252.0	3973360.0	393830.0	1687522.0
G6R3_MAIN_07NOV2016_LD1.stat	896752.0	23725.0	120989.0	2761835.0	225738.5	3803522.5
G6R3_MAIN_09MAY2016_LD1.stat	1464125.0	53488.0	217142.0	3979149.0	455998.0	975188.0
G6R3_MAIN_12JUL2016_LD1.stat	1177116.0	43212.0	178071.5	3296615.0	394785.5	822917.0
G6R3_MAIN_12SEP2016_LD1.stat	1254768.0	35988.0	177572.5	3683965.0	347782.0	1932956.5
G6R3_MAIN_20JUN2016_LD1.stat	1417648.0	48108.0	211822.5	4015669.0	442661.5	1009703.0
G6R3_MAIN_22AUG2016_LD1.stat	866940.0	25932.0	126737.5	2498778.0	242371.5	969867.0
G6R3_MAIN_31MAY2016_LD1.stat	1280206.0	44993.0	185214.5	3519042.0	363850.0	938444.5
G6R3_NF_01AUG2016_LD1.stat	1027531.0	37802.0	158650.0	2879201.0	350433.0	1257622.0
G6R3_NF_03OCT2016_LD1.stat	1713690.0	47461.0	249086.0	5057034.0	487750.5	1643694.5
G6R3_NF_07NOV2016_LD1.stat	1957360.0	82553.0	317458.0	5554460.0	775013.5	12188331.5
G6R3_NF_09MAY2016_LD1.stat	1391488.0	47531.0	203507.5	3862347.0	415809.0	917149.5
G6R3_NF_12JUL2016_LD1.stat	1118545.0	38465.0	167803.5	3153842.0	354312.5	867146.0
G6R3_NF_12SEP2016_LD1.stat	1404783.0	42458.0	206659.5	4038004.0	414584.0	1578832.5
G6R3_NF_20JUN2016_LD1.stat	1328082.0	42490.0	194331.5	3715700.0	390948.5	1031914.0
G6R3_NF_22AUG2016_LD1.stat	1688743.0	47235.0	235429.0	4907378.0	457260.0	1899315.0
G6R3_NF_31MAY2016_LD1.stat	1169651.0	40203.0	170162.5	3184832.0	343144.5	828915.0
G6R4_MAIN_01AUG2016_LD1.stat	1103453.0	39221.0	167670.5	3095926.0	358814.0	1143196.5
G6R4_MAIN_03OCT2016_LD1.stat	1729641.0	53291.0	255732.0	5262746.0	512901.5	2921503.5
G6R4_MAIN_07NOV2016_LD1.stat	451814.0	13091.0	65292.0	1333890.0	125953.0	5593031.0
G6R4_MAIN_09MAY2016_LD1.stat	2533104.0	86453.0	363850.5	6971828.0	725276.0	1681175.5
G6R4_MAIN_12JUL2016_LD1.stat	1283217.0	44978.0	191353.5	3606475.0	408381.5	964667.0
G6R4_MAIN_12SEP2016_LD1.stat	1535878.0	49659.0	240320.0	4462621.0	465188.0	2936117.0
G6R4_MAIN_20JUN2016_LD1.stat	1291712.0	45933.0	187510.5	3573487.0	386506.5	1210058.0
G6R4_MAIN_22AUG2016_LD1.stat	2160757.0	74873.0	322789.5	6125458.0	686618.0	2637333.5
G6R4_MAIN_31MAY2016_LD1.stat	1312124.0	47965.0	191938.5	3613392.0	401595.0	1040108.5
G6R4_NF_01AUG2016_LD1.stat	2445919.0	81897.0	365422.0	6983618.0	778322.0	2452877.0
G6R4_NF_03OCT2016_LD1.stat	1383590.0	38114.0	198275.0	4166479.0	370574.5	2944050.5
G6R4_NF_07NOV2016_LD1.stat	533522.0	15191.0	77488.5	1546434.0	146194.0	5350397.5
G6R4_NF_09MAY2016_LD1.stat	1367095.0	50180.0	200789.0	3709614.0	420793.0	859478.0
G6R4_NF_12JUL2016_LD1.stat	2763636.0	94458.0	411304.0	7818314.0	875930.5	2107952.5
G6R4_NF_12SEP2016_LD1.stat	1767111.0	46027.0	240267.5	5290472.0	440885.5	2059608.0
G6R4_NF_20JUN2016_LD1.stat	2311945.0	52102.0	278025.5	7350785.0	453262.0	2006793.5
G6R4_NF_22AUG2016_LD1.stat	1890436.0	53439.0	266142.5	5502785.0	504340.5	2012835.0
G6R4_NF_31MAY2016_LD1.stat	1526959.0	41472.0	195195.5	4403847.0	336018.0	1077624.5
